--------------------O---O---------------X--------------------O--O---------------- 23 33 31 15 42 41 49 58 39 47 38 22 37 36 21 29 70 30 45 28 57 12 55 4
--------------------O---O---------------X--------------------O--O---------------- 22 31 41 39 47 15 23 59 32 14 42 12 13 30 21 44 52 62 60 4 34 28 36 29 27 49 69 38 19 2 11 35 51 43 78
----------O----O------------------------X---------------O----O------------------- 50 60 39 59 58 42 31 49 47 55 23 51 69 33 24 41 57 25 17 67 43 48 22 21 13 4 16 32 20 38 7 46 3 64 37 66 36 65 63 68
----------O----O------------------------X---------------O----O------------------- 49 58 57 59 60 41 50 70 30 20 51 52 43 47 38 39 31 22 32 29 33 34 42 24 69
--------------------O---O---------------X-----------------------O----O----------- 41 39 49 31 33 25 57 65 23 66 67 58 37 47 50 32 51 52 43 59 13 3 53
--------------------O---O---------------X-----------------------O----O----------- 22 39 31 49 59 29 13 4 19 47 38 46 48 28 12 32 55 15 11 33 10 9 14
-----------O-------------O--------------X-------------------O---O---------------- 32 24 22 42 31 49 33 34 30 29 4 13 38 14 46 54 12 39 19 59 69 50 66 58 2 26
-----------O-------------O--------------X-------------------O---O---------------- 39 41 33 31 21 30 29 51 61 38 49 22 19 46 9
-------------------O----O---------------X---------------O---O-------------------- 41 42 51 61 31 21 22 13 49 58 57 33 50 52 59 68 32 23 65 73 43 67 38 44 39 76
-------------------O----O---------------X---------------O---O-------------------- 42 39 29 31 23 47 55 41 21 46 37 13 48 14 12 66 76 15 16 22 30 4 34 74 65 67 50 36 20 32 10
----------------O--O--------------------X------------------------O---O----------- 50 60 42 41 58 66 34 26 32 67 68 64 63 48 22 12 31 49 13 4 33 30 35
----------------O--O--------------------X------------------------O---O----------- 67 37 28 58 29 49 30 31 20 10 50 60 11 38 12 59 57 39 79 61 62 41 51 56 4 36 47 64 13 42 14 15 23 24 33 8 43 9 53
----------O----O------------------------X-------------------O----O--------------- 49 31 48 23 39 32 51 50 41 42 30 57 47 38 46 45 52 21 58 67 66 22 61 24 25 20
----------O----O------------------------X-------------------O----O--------------- 32 24 33 14 34 31 23 13 12 16 17 39 22 42 41 47 50 59 25 49 69 55 63 19 29 28 37 57 58 43 48 73 56 64 68 51 67 45 70 71 66
---------------O---O--------------------X--------------O--------------O---------- 31 49 39 41 37 38 57 48 47 67 27 28 68 18 58 59 50 51 42 43 66 35
---------------O---O--------------------X--------------O--------------O---------- 37 39 29 47 31 13 30 28 32 33 24 16 14 65 48 56 38 43 22 23 6
----------------O---O-------------------X---------------O----O------------------- 39 38 29 19 49 59 31 22 23 47 58 67 15 7 50 21 18 65 74 66 64 68 69 30 14 46 54 36 28 76
----------------O---O-------------------X---------------O----O------------------- 38 39 30 49 46 22 29 21 23 19 18 28 12 50 48 37 10 32 11 43 13 9 14
----------O-------------O---------------X-----------------------O----O----------- 31 49 39 41 33 23 32 34 30 29 48 57 21 12 65 11 14 13 9 20 38 22 37 36 47 28 56 4
----------O-------------O---------------X-----------------------O----O----------- 31 39 49 22 58 67 68 48 30 23 21 66 57 65 63 26 25 32 41 2 33
---------------O----O-------------------X--------------------O--O---------------- 23 14 13 33 50 24 42 34 41 43 32 59 39 38 22 52 70 25
---------------O----O-------------------X--------------------O--O---------------- 49 31 23 32 30 33 34 24 42 41 51 50 59 29 67 48 43 56 75
--------------------O---O---------------X-------------------O---O---------------- 22 31 39 41 38 37 30 46 14 6 55 21 59 51 25 61
--------------------O---O---------------X-------------------O---O---------------- 22 31 42 32 41 39 43 44 33 15 23 13 49 47 25 17 57
-----------O---O------------------------X------------------------O---O----------- 30 20 32 29 38 39 59 19 24 48 16 8 60 49 50 9
-----------O---O------------------------X------------------------O---O----------- 13 41 31 49 57 22 59 67 66 68 70 48 58 50 56 51 60
----------------O---O-------------------X-------------------O----O--------------- 32 48 42 52 22 12 43 41 23 28 49 31 58 36 4 67 66 50 38 21 14 11 5 1
----------------O---O-------------------X-------------------O----O--------------- 31 49 57 39 59 29 19 38 47 11 2 51 37 67 28 58 46 42 10
----------O-------------O---------------X-------------------O----O--------------- 22 31 42 41 32 52 12 2 48 56 38 51 39 21 37 61
----------O-------------O---------------X-------------------O----O--------------- 42 41 49 31 21 51 61 69 58 50 67 76 32 59 68 39 48 78 56 64 38 47 28
----------------O--O--------------------X-------------------O---O---------------- 39 41 57 48 23 31 30 21 11 51 50 61
----------------O--O--------------------X-------------------O---O---------------- 31 13 49 58 59 14 15 39 12 68 48 44 52 37 50 51 47 46 28 69 42 55 73 67 66 71 70 23 32 22 24 33 56
-------------------O----O---------------X--------------O--------------O---------- 30 20 22 14 49 31 38 46 13 37 28 64 73 34 39 44 4 41 21 48 60 12 57 59 42 50 32 68 77 52 66 43 61 25 16 51 47 67 56 75
-------------------O----O---------------X--------------O--------------O---------- 37 39 29 31 47 23 15 21 22 30 48 12 3 41 11 51 61 28 20 38 49 46 56 18 64 72 32
---------------O----O-------------------X--------------O-----O------------------- 39 41 30 51 31 29 22 49 13 4 38 14 46 54 37 36 19 28 12 21 57 48 50 60 32 42 33 34 2 24 44 69 78 45 1 27 3 63
---------------O----O-------------------X--------------O-----O------------------- 32 24 33 31 23 41 51 47 39 49 43 48 13 46 3
-------------------O-----O--------------X--------------O-----O------------------- 30 20 31 21 22 13 38 46 14 6 37 39 49 58 29 28 33 32 41 57 56 47 48 64 52 12 27 4 36 5 51 50 42 7 24 8
-------------------O-----O--------------X--------------O-----O------------------- 37 39 29 31 47 51 41 43 52 24 38 23 20 67 11
-------------------O-----O--------------X-------------------O----O--------------- 32 24 22 42 31 49 33 34 29 30 13 4 43 23 51 14 44 50 26 58 66 59 41 61 47 62
-------------------O-----O--------------X-------------------O----O--------------- 31 49 57 39 29 59 69 33 41 58 61 51 42 43 67 52 50 34 16 23 13 22 24 21 20 32 30 62 10
----------O-------------O---------------X---------------O-------------O---------- 39 41 49 31 59 69 29 19 51 28 37 38 21 13 48 30 50 47 52
----------O-------------O---------------X---------------O-------------O---------- 31 39 49 58 22 13 57 12 11 14 15 28 41 23 33 42 65
----------------O---O-------------------X--------------------O---O--------------- 50 60 58 66 34 42 51 67 64 68 69 52 48 56 49 47 74 38 29 76 32 44
----------------O---O-------------------X--------------------O---O--------------- 39 41 51 49 57 33 25 23 48 30 66 75 32 21 56 24 64
--------------------O----O--------------X-----------------------O-----O---------- 31 49 33 32 22 13 23 39 43 29 19 59 69 38 11 47 56 21 41 37 51 45
--------------------O----O--------------X-----------------------O-----O---------- 31 16 49 22 58 67 21 66 65 68 69 41 59 48 39 38 29
-----------O---O------------------------X------------------------O----O---------- 41 39 51 31 23 32 33 42 13 43 49 25 48 50 47 46 52 34 57 58 66 26
-----------O---O------------------------X------------------------O----O---------- 13 31 21 41 29 37 23 33 49 51 61 24 42 47 39 57 19 67 59
----------------O---O-------------------X---------------O------------O----------- 51 38 31 29 47 11 2 49 39 55 23 15 41 61 21 42 30 12 14 32 57 48 5 22 3 52
----------------O---O-------------------X---------------O------------O----------- 38 39 49 31 23 58 57 47 55 34 41 65 33 25 43 59 13 32 3
---------------O----O-------------------X---------------O---O-------------------- 48 32 38 58 39 41 57 66 30 21 37 36 46 22 23 19 18 50 10 42 34 74
---------------O----O-------------------X---------------O---O-------------------- 38 39 31 49 59 29 19 41 57 30 21 69 51 33 25 42 24 32 23 22 52 12 2 11 13 70 43 14 34 61 16
---------------O---O--------------------X--------------------O--O---------------- 60 50 24 32 41 42 23 22 52 12 57 2
---------------O---O--------------------X--------------------O--O---------------- 30 39 20 10 50 60 59 37 28 31 23 41 51 49 29 13 11 38 67 12 43 14 75
-----------O-------------O--------------X------------------------O----O---------- 30 20 39 29 38 37 21 12 41 42 48 57 51 31 49 50 22 14 54 46 58 13 68 10
-----------O-------------O--------------X------------------------O----O---------- 32 67 24 16 48 56 47 34 43 68 66 57 69 37 49 59 50 55 46
----------O-----O-----------------------X-----------------------O-----O---------- 31 49 32 30 33 34 4 25 43 23 48 24 22 13 42 12 41 39 44
----------O-----O-----------------------X-----------------------O-----O---------- 31 67 49 22 66 23 21 41 32 30 48 46 38 24 25 37 55 14 28 47 58 77 18
-----------O---O------------------------X--------------------O--O---------------- 30 20 38 39 22 14 46 54 31 13 12 16 17 49 32 29 42 2 52
-----------O---O------------------------X--------------------O--O---------------- 13 31 23 41 21 51 71 33 42 49 25 29 57 19 39 30 32 28 27 47 22 24 52 48 62
-----------O------------O---------------X--------------------O--O---------------- 50 60 58 42 49 31 51 52 48 47 38 68 41 76 39 44
-----------O------------O---------------X--------------------O--O---------------- 30 13 20 10 12 60 21 39 22 19 28 59 58 49 29 69 79 31 36 50 4
---------------O---O--------------------X---------------O---O-------------------- 41 39 49 31 23 32 33 57 25 17 43 13 42 44 59 14 16 34 24 22 67 51 58 76 50 12 66 11
---------------O---O--------------------X---------------O---O-------------------- 58 31 23 39 29 47 55 41 21 38 65 22 13 37 33 61 43 49 53
-----------O-------------O--------------X---------------O------------O----------- 30 20 39 29 38 37 22 46 48 21 57 66 41 42 14 6 32 13 23 5
-----------O-------------O--------------X---------------O------------O----------- 30 58 50 60 20 10 59 42 51 48 68 41 67 28 43 12 35
-----------O---O------------------------X--------------O-----O------------------- 48 56 32 24 38 33 42 41 22 52 12 2 31 49 4 13 28 57 58 25
-----------O---O------------------------X--------------O-----O------------------- 13 31 21 39 23 47 63 38 29 37 22 20 24 25 32 57 48 56 16
----------O----O------------------------X------------------------O---O----------- 48 56 38 39 58 68 67 49 28 18 59 57 21 41 61 73
----------O----O------------------------X------------------------O---O----------- 67 49 57 39 59 47 31 56 38 50 48 51 52 23 58 41 28 32 18
-----------O----O-----------------------X--------------O-------------O----------- 50 60 42 41 58 34 66 74 30 20 32 29 38 25 48 43 56 52
-----------O----O-----------------------X--------------O-------------O----------- 30 31 20 10 50 60 51 12 13 39 47 49 59 29 19 9 21 23 22 18 15 79 41 32 68 77 43 67 42 44 34 61 58 38 26
----------O-----O-----------------------X--------------------O---O--------------- 50 60 58 66 42 34 41 43 25 52 70 39 32 59 23 14 24 22 44 48 21 57 26 30
----------O-----O-----------------------X--------------------O---O--------------- 39 41 51 32 50 49 57 48 30 60 59 13 67 14 43 15 35
----------O-------------O---------------X--------------O-----O------------------- 50 60 42 59 58 34 49 67 39 41 66 74 31 22 57 48 38 37 21 51 52 43 70 75
----------O-------------O---------------X--------------O-----O------------------- 49 39 31 58 22 13 57 12 11 30 21 41 20 23 19 18 29 15 38 14 47
----------O-----O-----------------------X--------------O--------------O---------- 56 48 38 47 39 37 49 41 29 19 59 69 28 57 67 58 11 20 30 31 22 46 14 6 51 43 12 64 73 21 52 50 42 32 15 13 33 24 60 68 36 25 27 34 7 45 18 9 0 5 23 4 76 3 2 75 79 78 66 62 54 53 35 71 44 26 61 65 8 63 72 1 74 17 77 80
----------O-----O-----------------------X--------------O--------------O---------- 41 39 47 31 42 43 23 52 61 32 33 30 29 48 57 21 12 51 49 34 25
----------O-----O-----------------------X--------------O-------------O----------- 58 49 59 57 48 41 56 65 64 73
----------O-----O-----------------------X--------------O-------------O----------- 41 39 47 49 59 29 19 50 51 31 43 67 42 44 33 68 24 66 60
----------------O---O-------------------X--------------O----O-------------------- 56 48 39 